-59 0.379957
-58 0.278979
-57 0.589358
-56 1.157743
-55 1.423205
-54 1.683073
-53 2.033314
-52 2.377981
-51 2.779008
-50 3.027084
-49 2.702508
-48 2.957007
-47 2.935493
-46 3.243072
-45 3.064967
-44 3.266871
-43 3.434478
-42 3.682575
-41 3.961346
-40 3.846298
-39 3.687590
-38 3.470706
-37 3.407814
-36 3.104638
-35 2.966317
-34 2.944056
-33 2.793756
-32 3.102246
-31 3.068201
-30 2.827549
-29 2.911886
-28 2.803084
-27 2.869343
-26 2.847951
-25 2.933340
-24 2.775846
-23 3.190167
-22 3.309493
-21 3.293978
-20 3.456223
-19 3.548007
-18 3.544760
-17 3.588433
-16 3.841835
-15 3.736872
-14 3.978206
-13 4.123026
-12 4.144990
-11 4.349240
-10 4.270674
-9 4.267496
-8 4.308982
-7 4.315544
-6 4.590201
-5 4.776448
-4 5.110902
-3 5.380484
-2 5.834463
-1 6.150630
0 7.010892
1 8.962653
2 9.214876
3 9.311803
4 9.374136
5 9.142034
6 8.975942
7 9.014774
8 9.091796
9 8.747617
10 8.633092
11 8.495336
12 8.530772
13 8.755486
14 8.907593
15 8.974853
16 8.975053
17 8.918078
18 8.909936
19 9.070604
20 8.901573
21 8.988212
22 8.897487
23 9.068826
24 9.025503
25 9.071651
26 9.042092
27 9.081587
28 9.130675
29 9.046501
30 8.769573
31 8.498134
32 8.308218
33 8.121963
34 8.033608
35 8.064400
36 8.103226
37 8.325015
38 8.637265
39 8.846481
40 9.049896
41 9.282516
42 9.516557
43 9.596815
44 9.776947
45 9.708184
46 9.682107
47 9.775833
48 9.797114
49 9.939211
50 9.909537
51 9.815693
52 9.956747
53 9.952501
54 10.122566
55 10.214774
56 10.202935
57 10.465450
58 10.735223
59 10.916467
60 10.811451
