-59 0.308640
-58 0.433370
-57 0.656321
-56 1.089376
-55 1.521990
-54 1.635570
-53 1.994542
-52 2.286367
-51 2.478976
-50 2.699155
-49 2.683331
-48 2.791960
-47 3.096722
-46 3.270640
-45 3.347770
-44 3.288617
-43 3.434281
-42 3.672743
-41 3.725158
-40 3.770187
-39 3.822728
-38 3.882328
-37 4.113266
-36 4.075993
-35 4.120369
-34 3.982505
-33 3.855538
-32 4.182103
-31 4.218781
-30 4.147136
-29 4.127793
-28 3.941187
-27 3.924836
-26 4.061088
-25 4.282591
-24 4.157896
-23 4.375888
-22 4.459706
-21 4.276679
-20 4.319747
-19 4.273122
-18 4.170602
-17 4.141292
-16 4.153492
-15 4.067379
-14 4.096188
-13 4.184358
-12 4.321762
-11 4.420623
-10 4.431907
-9 4.565875
-8 4.648747
-7 4.762945
-6 4.793840
-5 5.050858
-4 5.227499
-3 5.471133
-2 5.803510
-1 6.058995
0 5.669980
1 6.238694
2 5.947878
3 5.897374
4 5.771976
5 5.541218
6 5.499159
7 5.527277
8 5.543548
9 5.338593
10 5.343995
11 5.525218
12 5.624680
13 5.686932
14 5.815787
15 5.935292
16 6.010955
17 6.022118
18 5.879253
19 5.756632
20 5.858044
21 5.824749
22 5.822012
23 5.706309
24 5.832044
25 5.798060
26 5.870245
27 6.124043
28 6.160811
29 6.161587
30 5.943070
31 5.768618
32 5.634847
33 5.560066
34 5.437996
35 5.489073
36 5.327828
37 5.451361
38 5.487061
39 5.659947
40 5.847888
41 5.989352
42 6.132906
43 6.123816
44 6.324242
45 6.519093
46 6.663640
47 6.790342
48 6.815519
49 6.741240
50 6.660149
51 6.802892
52 7.096724
53 6.950737
54 7.029746
55 7.138756
56 7.242206
57 7.619725
58 7.750863
59 7.912033
60 8.079304
