-59 0.297436
-58 0.201385
-57 0.674927
-56 1.110002
-55 1.488222
-54 1.859240
-53 1.850482
-52 1.889953
-51 1.933368
-50 1.811354
-49 1.531525
-48 1.633924
-47 1.743948
-46 1.774739
-45 1.643776
-44 1.548720
-43 1.742341
-42 1.834887
-41 1.654121
-40 1.651444
-39 1.560237
-38 1.408488
-37 1.635376
-36 1.418305
-35 1.557942
-34 1.812200
-33 1.610361
-32 2.203518
-31 2.070915
-30 2.150313
-29 2.570748
-28 2.482297
-27 2.678301
-26 2.977738
-25 3.165664
-24 3.428779
-23 3.540673
-22 4.087763
-21 4.087643
-20 4.055034
-19 4.320293
-18 4.146796
-17 4.165389
-16 4.106788
-15 4.122617
-14 4.222969
-13 4.209084
-12 4.285896
-11 4.332782
-10 4.381898
-9 4.074951
-8 3.984935
-7 3.972196
-6 4.084134
-5 4.307936
-4 4.370789
-3 4.543689
-2 4.987578
-1 5.488295
0 4.481777
1 3.224623
2 3.268592
3 3.166060
4 3.645873
5 3.364717
6 3.241414
7 3.238129
8 2.978808
9 2.678175
10 2.755584
11 2.782044
12 2.824199
13 2.753970
14 2.867702
15 2.944528
16 3.012239
17 3.001202
18 2.751533
19 2.619312
20 2.543659
21 2.626362
22 2.702344
23 2.935379
24 3.043166
25 3.077136
26 3.212861
27 3.253695
28 3.028690
29 3.140552
30 2.842517
31 2.749463
32 2.465470
33 2.256713
34 1.987935
35 2.031332
36 1.778281
37 1.709118
38 1.866464
39 1.807212
40 1.944071
41 1.797658
42 2.179356
43 1.856657
44 1.622612
45 1.582992
46 1.616201
47 1.862587
48 1.993196
49 1.811062
50 1.393479
51 1.228290
52 1.494528
53 0.990459
54 1.322151
55 1.578198
56 1.411877
57 1.601621
58 1.798920
59 1.941724
60 1.866842
