-59 0.414343
-58 0.179445
-57 0.583009
-56 1.178855
-55 1.507400
-54 1.709142
-53 2.118805
-52 2.421808
-51 2.802285
-50 3.005466
-49 2.696811
-48 2.984373
-47 3.012030
-46 3.424026
-45 3.370703
-44 3.443818
-43 3.641397
-42 3.972862
-41 4.215013
-40 4.214449
-39 4.017062
-38 3.785529
-37 3.780403
-36 3.507039
-35 3.367518
-34 3.400640
-33 3.375259
-32 3.695189
-31 3.631437
-30 3.414684
-29 3.523786
-28 3.482400
-27 3.459820
-26 3.496721
-25 3.599592
-24 3.382489
-23 3.754704
-22 3.969865
-21 3.966392
-20 3.998480
-19 4.206819
-18 4.227764
-17 4.218214
-16 4.437494
-15 4.300937
-14 4.520508
-13 4.678012
-12 4.705221
-11 4.990687
-10 4.956824
-9 4.903648
-8 4.920856
-7 4.901673
-6 5.160984
-5 5.434356
-4 5.698097
-3 5.962064
-2 6.384899
-1 6.723632
0 7.631303
1 9.992631
2 10.319541
3 10.452775
4 10.604716
5 10.370389
6 10.179216
7 10.310871
8 10.286818
9 9.962799
10 9.984613
11 9.871431
12 9.896781
13 10.057948
14 10.210254
15 10.267380
16 10.341593
17 10.213859
18 10.221466
19 10.389277
20 10.211858
21 10.273832
22 10.137908
23 10.270086
24 10.368637
25 10.420139
26 10.388495
27 10.457145
28 10.440549
29 10.325553
30 9.968480
31 9.592630
32 9.353550
33 9.311339
34 9.258578
35 9.404685
36 9.398631
37 9.563730
38 9.730718
39 9.968167
40 10.144390
41 10.305424
42 10.609079
43 10.634058
44 10.703712
45 10.618683
46 10.567575
47 10.719711
48 10.749927
49 10.928795
50 10.851689
51 10.756809
52 10.863824
53 10.824255
54 11.058817
55 11.246576
56 11.202931
57 11.466493
58 11.778361
59 11.886911
60 11.829806
