-59 0.249543
-58 0.274098
-57 0.593600
-56 1.121012
-55 1.518945
-54 1.661469
-53 1.983709
-52 2.242052
-51 2.506496
-50 2.759071
-49 2.768709
-48 2.880108
-47 3.107829
-46 3.222725
-45 3.341790
-44 3.200604
-43 3.305831
-42 3.597134
-41 3.616201
-40 3.646584
-39 3.718985
-38 3.750418
-37 3.975107
-36 3.947580
-35 3.987942
-34 3.839410
-33 3.702000
-32 3.949477
-31 3.900382
-30 3.813524
-29 3.823893
-28 3.669214
-27 3.544710
-26 3.566230
-25 3.713350
-24 3.624547
-23 3.824452
-22 3.975618
-21 3.841623
-20 3.803712
-19 3.742235
-18 3.623373
-17 3.535413
-16 3.594486
-15 3.627754
-14 3.667274
-13 3.781256
-12 3.959205
-11 4.098855
-10 4.163217
-9 4.274804
-8 4.322036
-7 4.484305
-6 4.581223
-5 4.824844
-4 4.941204
-3 5.129983
-2 5.456800
-1 5.640631
0 5.190478
1 5.360515
2 5.224272
3 5.148479
4 5.008043
5 4.826633
6 4.843106
7 4.888178
8 4.834620
9 4.555281
10 4.572798
11 4.696990
12 4.790322
13 4.878476
14 5.072965
15 5.238097
16 5.294169
17 5.318886
18 5.253766
19 5.151303
20 5.191859
21 5.196606
22 5.173208
23 5.056771
24 5.075367
25 5.085425
26 5.095495
27 5.240302
28 5.309406
29 5.369374
30 5.173033
31 5.000692
32 4.873692
33 4.797064
34 4.725387
35 4.715633
36 4.580574
37 4.744984
38 4.819821
39 4.968405
40 5.042870
41 5.307115
42 5.478147
43 5.582561
44 5.742374
45 5.901841
46 5.993331
47 6.176470
48 6.197440
49 6.187551
50 6.165372
51 6.281808
52 6.502414
53 6.347136
54 6.358233
55 6.365706
56 6.460434
57 6.739749
58 6.830279
59 6.957342
60 7.152176
