-59 0.323512
-58 0.129959
-57 0.651551
-56 1.196991
-55 1.400430
-54 1.792320
-53 1.800689
-52 1.888317
-51 1.948519
-50 1.708249
-49 1.391235
-48 1.531895
-47 1.588938
-46 1.620158
-45 1.492989
-44 1.416828
-43 1.584950
-42 1.721114
-41 1.539756
-40 1.577980
-39 1.591412
-38 1.566455
-37 1.701305
-36 1.408049
-35 1.607761
-34 1.699345
-33 1.396669
-32 1.859759
-31 1.775535
-30 1.769023
-29 2.176655
-28 2.039371
-27 2.239214
-26 2.424256
-25 2.538865
-24 2.782577
-23 2.899543
-22 3.535245
-21 3.611771
-20 3.657711
-19 3.876772
-18 3.863569
-17 3.974860
-16 3.954047
-15 3.927988
-14 4.030291
-13 3.948218
-12 4.016346
-11 4.057922
-10 4.185007
-9 3.916847
-8 3.810274
-7 3.728857
-6 3.913776
-5 3.949039
-4 4.026526
-3 4.159299
-2 4.486240
-1 5.086484
0 4.324869
1 3.335002
2 3.400183
3 3.237463
4 3.601699
5 3.346612
6 3.223972
7 3.252596
8 3.069192
9 2.731739
10 2.685259
11 2.575298
12 2.668522
13 2.576117
14 2.572731
15 2.703828
16 2.732967
17 2.721435
18 2.532911
19 2.414449
20 2.379755
21 2.429122
22 2.499481
23 2.629069
24 2.813078
25 2.858435
26 3.048214
27 3.159956
28 2.840982
29 2.871049
30 2.584916
31 2.472145
32 2.150334
33 1.990312
34 1.686046
35 1.693455
36 1.414141
37 1.336834
38 1.479590
39 1.457329
40 1.530100
41 1.442752
42 1.879671
43 1.620984
44 1.289784
45 1.240698
46 1.291809
47 1.595881
48 1.766210
49 1.573454
50 1.088975
51 0.946771
52 1.235692
53 0.699058
54 1.085804
55 1.283545
56 1.135685
57 1.403178
58 1.579111
59 1.785842
60 1.834721
